30
f0
00
00
00
00
00
00
00
00
30
f4
0d
00
0d
00
0d
00
00
00
40
40
00
00
00
00
00
00
00
00
31
f0
08
00
00
00
00
00
00
00
30
f4
c0
00
c0
00
c0
00
00
00
40
40
00
00
00
00
00
00
00
00
31
f0
08
00
00
00
00
00
00
00
30
f4
00
0b
00
0b
00
0b
00
00
40
40
00
00
00
00
00
00
00
00
31
f0
08
00
00
00
00
00
00
00
30
f4
00
a0
00
a0
00
a0
00
00
40
40
00
00
00
00
00
00
00
00
30
f0
00
00
00
00
00
00
00
00
30
f4
00
02
00
00
00
00
00
00
80
96
00
00
00
00
00
00
00
00
30
f7
00
00
00
00
00
00
00
00
30
f6
04
00
00
00
00
00
00
00
80
b4
00
00
00
00
00
00
00
90
30
f8
08
00
00
00
00
00
00
00
30
f9
01
00
00
00
00
00
00
00
63
00
62
66
70
e5
00
00
00
00
00
00
00
50
7a
00
00
00
00
00
00
00
00
60
a0
60
87
61
96
74
d5
00
00
00
00
00
00
00
90